version https://git-lfs.github.com/spec/v1
oid sha256:df43fca70db9e376c1cf1facf3cf4cccb98388a58dd7c63b9a6ab7c9b533477e
size 740376
