version https://git-lfs.github.com/spec/v1
oid sha256:0e2ffc1fb92f33ddd40bc62c23e184e879460dc6e6c9a12e004f51a1a814d9f0
size 751797
