version https://git-lfs.github.com/spec/v1
oid sha256:99e896ab8c66b3cf58e64d87dd8c7a658963352c9945faebdf7079b439bea42d
size 5993
