version https://git-lfs.github.com/spec/v1
oid sha256:6dfc674b5cc89c554e148d4f5983a83a44711e4800de05168e62ba28845c3b54
size 3742
