version https://git-lfs.github.com/spec/v1
oid sha256:087771ccf1a0693f6afb43ac4fe75baefe73e0435252de34358f28b829934277
size 6764
