version https://git-lfs.github.com/spec/v1
oid sha256:8667384458cbffb2518166e5df390e3d7675ff407d4a2ad9e01c5054e6504b2e
size 120696
