version https://git-lfs.github.com/spec/v1
oid sha256:817acfa8124759f747781d1f78bb3eff0cbc05ee181c8c128076811b9459ad49
size 399497
